8.915357090219756531e-01,8.607532844351710732e-01,8.488633375888503529e-01,5.374936645559066362e-01,7.058156769135032205e-01,1.646854911513714326e-01,1.808418117628485255e-01,7.238863357396756459e-01,2.721414171388075731e-01,6.185823238692751413e-01,1.878551900437798183e-01,3.741721207281667461e-03,2.641887633221140508e-02,8.342109754253863585e-01,3.329783749663176584e-01,1.377634129494096360e-01,4.724495324332557145e-01,8.147461551145680492e-01,4.932655428453269764e-02,8.414520163541387987e-01,7.997105937333567338e-01,1.209182923728052694e-01,3.615802302254815803e-01,4.595473789270587694e-01,2.003613877152830014e-01,9.547636103909035166e-01,6.874878784564432133e-01,8.194442291206199824e-01,7.025285175343651822e-01,4.730683761092034922e-01,7.720229423538433888e-01,6.284250349891032927e-01,7.500133636067976006e-01,2.605133949022383488e-01,6.283770946905744559e-01,4.223332410681439608e-01,9.309264175664777596e-02,7.090118527429580819e-01,3.573056240075358492e-01,1.134003283872375700e-01,5.946659190343819290e-01,4.158785159915778795e-01,2.402600633328171309e-01,8.449836172081522934e-01,5.301908939832600254e-02,7.132282219102238363e-01,6.563996382586605449e-01,4.508234696607014147e-01,3.733960217717507968e-01,2.494178145951896353e-01,5.919277196100644067e-01,6.141090126902004620e-02,7.097371664015346138e-01,4.205840820129715940e-01,8.239649267606871108e-01,9.072817432188684528e-03,3.645178564027997670e-01,3.090127328054077527e-01,4.612724347706871342e-01,8.237009246258570894e-01,3.115454938034722954e-01,5.326313154093085256e-01,7.174355500519699058e-01,4.737777472822731761e-01,6.324637961931778296e-02,3.846220186986094580e-01,8.925264099669240059e-01,3.307405707450165044e-01,1.322069581723387399e-01,9.455638210790628939e-02,7.377953374183821023e-01,3.162924523783239295e-01,4.766186538606363987e-01,3.001065539033039853e-01,4.672112956192848721e-01,9.304341409032151899e-01,8.611193094103289924e-01,1.863893111621417464e-02,4.251447377568370323e-01,8.282367815179652037e-01,3.922251867077156673e-01,2.175103116990866337e-01,7.279147253924422856e-01,9.990974860145858116e-01,2.379198258174675118e-01,1.540841753872084219e-01,8.476969074724415298e-01,7.728949058463899791e-01,2.329754168427524696e-01,2.423305466718342904e-01,8.594567349185651128e-01,7.656816768709590049e-01,1.565451750201474201e-01,3.658646574017071496e-01,6.833291007691726371e-01,6.091819393018860218e-01,1.845497169263425885e-01,4.031348042799562936e-01,7.849130887053986649e-01,1.412666182968209672e-01,6.365284347634537765e-01,7.361930526886317772e-01,9.838089980899830111e-01,4.326646482748669476e-01,9.276332318939199961e-01,5.794386631322722137e-01,5.707444208992901169e-01,9.535338206670265215e-01,3.718555034084038979e-01,6.273223768466840156e-03,1.012416953943113818e-01,5.864563202171516609e-01,2.337651941482572493e-01,8.348675994195711159e-01,4.473841233836428621e-01,9.385984252198057431e-01,1.174207014841972541e-01,2.358745001609112713e-01,3.915153757726438366e-01,9.526911527532970769e-01,1.105877440402495138e-01,9.843621473493158192e-10,9.618858153530647215e-01,6.005177799779075620e-01,3.482865276492230766e-01,9.401349285623237240e-01,5.867008703552843984e-01,6.056512146164174659e-01,2.783107521556471564e-01,7.858417523758900458e-01,6.241087786087098355e-01,9.483250418668436321e-01,4.177660060719244894e-01,6.619683165515490852e-01,8.608098920588871383e-01,7.320478870216107214e-01,3.356297617813648326e-01,6.493725461464214810e-01,2.786171606894159991e-01,9.719870188968692259e-01,9.541370034872209693e-03,1.907538522617848731e-01,6.871009479625134198e-02,9.211615919865212554e-01,4.213315432863927734e-01,2.554803841936884590e-01,1.433901418317974352e-01,7.012618608659575425e-01,2.298630747465402191e-02,2.239155187235345457e-01,1.303014295532479716e-01,4.795633859221304363e-01,9.285544157751830507e-01,1.848383432275105820e-01,3.423048887083284253e-01,3.969118743542762173e-01,7.831899285105631270e-01,2.227880411367758606e-01,7.786080451977890338e-01,1.578885139825626505e-01,1.725878190735480322e-01,2.647378254418387700e-01,4.149144987762569681e-01,1.732657368671008946e-03,3.612059970602056191e-01,8.688430690110628962e-01,4.596443046708192925e-01,3.429870987583398811e-01,9.766541768950761648e-01,2.036522434300895856e-01,1.591665060193486747e-01,8.532049283299897313e-01,2.109701973563006261e-01,4.182818996616380902e-01,8.413516826491910239e-01,3.476361270796235470e-01,6.417153254353777925e-01,2.430248511150318036e-01,7.958070725213634011e-01,6.144614133160621883e-01,6.182566862211757996e-02,2.100012962531230265e-01,2.557777810570232013e-01,8.033835791296318751e-01,7.282553542482964604e-01,9.068334698998852250e-01,2.788403349927586206e-01,1.155473081111635381e-01,6.158803910340480137e-01,1.499848231119664810e-01,8.315614919809095618e-01,7.774361491425119119e-01,4.933012705545235521e-01,6.178399000081951087e-01,7.291484739000676507e-01,6.271745319497670224e-01,4.414421733533336889e-01,2.862557883047959217e-01,5.215116980781862033e-01,3.083374019634299579e-01,1.334441635253394987e-01,3.409849586458277848e-01,1.918917475680818052e-01,8.644765744097973048e-01,4.749740032029547976e-04,4.735941989909544514e-01,8.363766848338168858e-01,2.155053231247480161e-01,1.857761543326164055e-02,9.648854643146211885e-01,2.938376624513894253e-01,6.631993861916054556e-01,8.284808097413880468e-01,2.127699924189658809e-01,6.125262064480243573e-01,9.594145533841326179e-01,2.839406063229952260e-01,4.811279934984895590e-01,5.270570958759479563e-02,1.484161250460269699e-01,3.188876536923586080e-01,9.666081568868662988e-01,8.753781224821657325e-01,6.618557556469195635e-01,6.163099262938747103e-01,5.658758667810669385e-01,9.464650789825579391e-02,7.914406740235717663e-01,6.876048610501180880e-01,9.403808278078146232e-01,8.711312889521858338e-01,3.986156151857632723e-01,4.919305012973059776e-01,7.630731945177517961e-01,8.131864962457466817e-01,9.655212519774537538e-01,1.679700884613137823e-01,1.552135859020142838e-03,3.079440766379423211e-01,6.760680665975038472e-01,7.367287749687645437e-03,1.383205275656980149e-01,7.451528573801348143e-01,7.991839178862325532e-02,1.505369728251854111e-01,9.157348459606926561e-01,3.140422129499177428e-01,9.116179141928653085e-01,1.555211095663920906e-01,5.834086207457596096e-01,2.605224848995710829e-01,3.494321859658089391e-02,2.598489800537095995e-01,4.519691219478300104e-01,4.321484121439616022e-01,3.349852305342964076e-01,8.357272722076825033e-01,2.462842848145083696e-01,5.719442239286545160e-01,2.201343005207745396e-01,3.208792791889035767e-01,9.612237199897717410e-01,5.260149697686893333e-01,4.582711168540748448e-01,4.268770791522993324e-01,4.582563144482413309e-01,3.559388118341564322e-01,6.528542194502127138e-01,4.231160701822735959e-01,7.650189686545165735e-01,6.947470370914194948e-01,1.656105129095076789e-01,3.862300125094662029e-01,1.033837965295056893e-01,6.515279045349431364e-01,2.611041169584513710e-01,3.435724959120366462e-01,5.577253980639529374e-02,3.818764684197495374e-01,5.043407702110531687e-01,7.183846977111036924e-01,3.855697320586174426e-01,4.762124073565432436e-01,6.384421974707424896e-01,8.199626225501959187e-01,9.124523640788441137e-01,1.819615937236994663e-01,8.036665842944104021e-01,4.768717190779390158e-01,7.584846407804557433e-02,6.993267639035084526e-01,3.378641306734920802e-01,4.287094407390493744e-01,1.512913106770058524e-01,2.023870008156003486e-02,4.649674485131360946e-01,1.103188618152042277e-01,8.776812732289117625e-01,9.698396635468252702e-01,2.608170614980129809e-01
8.183344846225595326e-01,4.030682498958776394e-01,9.268143414824048243e-01,1.754135855789406007e-01,3.034477194170767111e-01,9.680103247019430368e-01,6.574220848563934183e-01,1.759534526383459418e-01,1.861368145740938118e-02,3.394653752359925170e-01,5.354612152496278643e-01,1.667048551921669342e-01,7.573835956385344126e-02,7.116568841504343768e-01,3.034478274037464285e-01,6.382598465417852474e-01,1.327766201209537034e-01,6.359830539905799718e-01,9.909191056647078666e-01,6.853060305903091454e-02,1.442157006232265282e-01,8.375442924887981366e-01,5.190996811211419093e-01,2.575421633528192089e-01,3.050123619518270157e-01,3.492281335297301448e-01,2.552677296943741680e-01,6.788449408785055539e-01,2.964390933999170308e-01,6.902534674937299553e-01,1.197382631213265158e-01,8.192456864724657617e-01,7.380592846760921644e-01,2.921794359201754787e-01,9.503005681179250708e-01,5.834741860217891318e-01,9.557930945280679325e-01,3.253672847039161820e-01,2.351693915941145407e-01,3.390491513375147870e-01,6.715393201739590090e-01,2.189475135838935271e-01,1.558038250357460797e-01,7.949311425077090210e-01,9.591208634533879840e-01,1.349645207005867320e-02,9.122695209544270378e-01,5.422283637708961157e-01,8.515066910987485471e-01,2.021015460010973097e-01,4.586221834090657978e-01,1.731427354944520269e-01,4.471694692762273604e-02,1.502332730127842186e-02,8.754858915349230664e-01,2.187296502171509616e-01,5.314173409961671091e-01,5.663356550626836849e-01,6.536338299350674674e-02,1.779195368713820669e-01,2.026554347611297935e-01,8.146600249069846367e-01,9.757274056274026774e-01,8.747572058752437485e-01,3.568342853134501835e-01,3.905115732954590468e-01,3.523575707914176069e-01,4.629554003435037979e-01,5.714084201404543428e-01,2.770206522356211121e-02,9.467239900677432152e-01,5.999930243163938970e-01,9.197022114344791666e-01,3.070289938518335759e-01,6.943201167247885497e-01,3.602713115717148806e-02,1.777884845984439854e-01,9.732403585608758734e-01,8.745010071640841876e-01,7.300849981602661742e-01,8.720650575128456872e-01,6.838021546987465005e-01,1.117766237553841080e-01,2.275860115468495426e-01,9.060839044239237250e-01,6.723287105026773958e-01,8.130413052372970073e-01,7.007046808119079540e-01,4.564239107822593011e-01,3.303650197042811154e-01,6.129864234230668618e-01,1.845815351750279554e-01,3.079164383478888434e-01,2.209203577555807207e-02,6.372231712522657965e-01,4.715464776563199623e-01,1.981937734622680747e-01,6.597401191580980484e-01,2.466446666374630947e-01,8.947910127360665378e-01,3.170837342620910215e-01,7.473103595569721147e-01,1.065971557946009396e-01,6.604037058004224026e-01,3.496201435052652684e-01,3.664440684890100108e-01,8.249995887085551649e-01,9.003103157613212559e-01,6.633356258025702168e-02,5.367304141112632099e-01,7.197196629646418486e-01,6.883511229243203244e-01,1.727081547033195719e-01,5.778948596177857500e-01,4.713228902348104432e-01,3.138779416594157379e-01,4.430783413402537008e-01,4.142877583630044658e-02,4.929227303411394256e-01,5.086796806823312700e-02,4.043017019140033863e-01,3.013569420184522007e-01,3.276942328895974255e-01,5.568596017766613837e-01,2.185480453049378768e-01,9.145304624081096456e-01,3.748698864568071887e-01,9.078965360678392660e-01,7.795899050998348345e-01,2.886943688952947618e-02,2.637131904871259369e-02,6.492133550510152951e-01,7.994348437897574877e-01,8.877692544318825929e-01,4.758706734559234874e-01,1.769618001223470793e-01,7.727361049704244422e-01,3.513102978239391883e-01,3.778633492382419412e-01,5.565397860849906619e-01,7.528548008959301541e-03,9.352304827685743449e-01,9.573945633554292733e-03,4.103247200166146857e-01,8.971144344740052956e-01,4.569693391366238533e-01,2.176978301667144011e-01,8.740263013713952533e-01,8.338791639005238565e-02,7.099832870266902241e-01,3.186881044043707867e-01,4.083115468636610013e-01,7.988034539871263773e-01,9.879125708763913938e-01,7.429684941145132671e-01,2.258759736737647739e-01,7.354156660470841933e-01,2.381768303023783506e-01,3.895013375455370630e-01,4.352019393655951474e-01,6.239461183423702373e-01,3.227916095037978161e-01,3.953935356935138756e-01,3.074775495739727749e-01,7.014021123628397802e-01,6.958155897277514823e-01,4.194809459652443229e-01,5.093980809454189407e-01,2.312244554162300458e-01,7.339316444115703275e-01,3.575739903532759723e-01,7.359497981559296464e-01,2.533879433065802100e-01,6.946338673269480957e-02,3.663254029386534549e-01,9.477844578609961879e-02,1.935470842557913684e-01,5.923219154844783230e-01,7.688535109444811777e-01,5.972512234955291710e-01,5.555357760170791526e-01,8.379774327304121417e-01,8.223300306866863085e-01,5.703496198908675208e-01,8.546186179378911785e-02,6.069190334548097976e-01,8.382880807988110083e-01,4.176900110780117359e-01,7.270556348737045038e-02,3.783476117955308915e-02,1.809111468817725665e-02,8.310858288791326265e-01,3.813390295594532020e-01,6.454076145752400961e-01,2.668309240866963972e-01,7.018935134606563153e-02,7.394489043433233322e-01,1.402891906534295963e-01,1.786329661728015550e-01,2.371938032926721451e-01,2.448809343580533593e-01,5.463812830921083163e-01,6.994976125510439235e-01,9.897251943867564350e-01,1.874695604772040891e-01,1.719912667685979946e-01,5.671953335278734354e-02,6.679150033560448119e-01,9.133724861914092052e-01,6.501434148191402862e-01,9.448075431644664679e-02,6.719310520910426465e-01,2.979497689953380934e-02,2.634105392668023571e-01,2.505720924534429184e-01,3.227879548122913889e-02,7.468714443254631519e-02,4.893844920860623837e-02,3.122785639166070215e-01,5.482195500132932553e-01,5.999988950352244110e-01,5.845917094607866460e-02,6.667995988690591513e-01,4.014532353848720980e-01,1.226275082513383907e-02,6.913951933409968609e-01,4.191632465495708226e-01,4.751095634526647515e-01,5.452367661065068427e-01,2.127692905308395943e-01,9.663087407809503038e-01,5.051647478339449382e-02,3.682317563355874679e-02,7.970998408304886818e-01,6.617892999909220642e-01,8.784593709537679151e-01,3.372514875680771018e-01,1.905842702138254019e-01,1.219918838381184312e-02,1.366887038652360165e-01,8.769031786192077460e-01,4.159038007076371057e-01,9.695416860738554909e-01,7.428808955098694655e-01,5.056012641734376478e-01,7.352071984046832931e-01,4.192109594769483083e-01,7.853045039964627883e-01,9.826617160044721633e-01,4.020283330446392522e-01,4.473810291025681618e-02,5.667944351513518608e-01,1.383039624711808191e-01,8.021758826317387792e-01,9.777628827283724178e-01,1.632130571223874282e-01,7.874791206651843289e-01,9.650978642055388912e-01,9.115274570969016388e-01,3.991263389853897392e-01,6.786180467741026456e-01,7.017003558073180436e-01,7.798744970692079725e-01,5.287903303952745659e-02,7.946995500992625194e-01,4.692991778915268641e-01,3.813767142117848730e-01,1.599263952194506233e-01,5.585458047183946562e-01,7.635575707479769214e-02,9.262143556238137121e-01,1.563709254050987818e-01,3.625549849749086784e-01,1.000485915908511103e-04,5.469291301822876150e-02,6.889082007698832388e-01,7.022293907894273657e-01,4.323566038491921670e-02,6.229252246477591237e-01,3.125679345544242205e-01,1.567971990469368970e-01,8.950165074289405664e-01,8.807702073387699837e-01,4.349917357787698169e-01,3.131559334042123277e-01,9.869389959934372625e-01,2.703308300573811218e-01,2.270162374283325457e-01,1.296115932412559291e-01,7.388781325353896978e-01,8.509889763354857584e-01,5.359314576412399500e-01,5.409929213931402581e-01,4.892919297688747005e-02,5.282073710202315198e-01,9.479905419832014291e-01,8.543169723448841291e-01,3.960889461550298751e-01,3.488395084699129622e-01,4.815858055416578631e-01
9.498471204734177942e-01,9.430766632091607260e-01,1.459411813085719212e-01,1.629337109108457415e-01,2.680719796382310394e-01,6.055823091841106010e-01,4.210248338610934615e-01,4.141843622748931919e-01,5.460475249888607774e-01,2.367306681355413334e-01,3.415844318153552495e-01,8.085682760797545665e-01,6.936068991882317070e-01,2.854116751597799428e-01,9.982168693960448147e-01,5.734729474024482521e-01,8.222189085975148970e-01,7.757124330271470969e-01,6.116384364087187331e-01,5.324580674044773199e-01,7.271207026718879973e-01,4.032589980403509244e-01,9.810321954285867729e-01,9.097625777942106584e-01,8.287067613964517188e-01,5.524058182748103896e-01,1.561466179984571934e-01,2.329898947234798623e-02,3.286113208907925909e-04,3.327912723426944552e-01,6.233696497021932181e-01,7.107394820860211127e-01,8.153566700593266603e-01,7.648254952553659169e-01,2.594203288901170135e-01,2.788354490198952096e-02,5.392331565149832695e-01,8.505879351344687311e-01,9.655209934326999255e-01,8.418628546400768187e-01,2.959382240233773276e-01,6.815908508274698407e-01,4.154814925016179217e-01,9.135238227597820559e-01,7.716194671332979871e-01,4.540879153344867802e-02,6.034033971390212470e-01,8.322396088476813336e-02,6.251735425800954982e-01,8.464425365704547621e-01,2.028381523865413483e-01,4.959659370067889261e-01,9.222288589884627408e-01,2.099267581232577840e-03,2.051304922816692411e-01,7.665660537153797804e-01,3.681491986460327936e-02,1.254227561130217827e-01,8.087939323363337873e-01,1.618549649882410346e-01,5.948627377011608264e-01,7.536143478872449064e-01,7.303667853138313681e-01,4.976647157315453596e-01,2.320671804807201699e-01,8.501253333380215382e-01,2.069730301883517809e-01,1.862779122389929265e-01,9.982134713459496211e-01,8.072590428902959303e-02,8.663710461528961737e-01,4.946225228122806961e-01,1.581402627438398545e-01,5.894182795611679904e-01,8.811267901247910039e-02,1.975862391105220883e-01,1.504411705449635317e-01,3.681522429114807426e-01,7.358669292923417649e-01,9.830695962433997348e-01,1.423196439086564791e-01,6.770448371702377788e-01,1.373076229377535595e-01,4.571057054505354156e-01,3.721210239889179983e-01,9.359612928337335269e-02,3.447151958727514565e-01,1.051184667599192046e-02,3.625025341050180927e-01,2.891557682527902129e-01,5.723661101448349608e-01,4.977248057155928551e-01,3.987596467906285858e-01,6.604357601184271953e-01,5.779470859403432748e-01,9.998478050702704900e-01,3.536448354330613553e-01,4.487273585516418084e-01,6.082252214399594958e-01,7.933869379746727457e-01,7.142844181075174159e-01,4.104104663054936042e-01,7.432703462947876094e-01,6.521539502818074485e-01,1.172235757031816483e-01,6.082780800369390617e-01,9.841441320208073051e-01,6.994058275388655987e-01,5.759380978824208963e-01,7.278422768121063369e-01,9.951218987520874526e-01,7.452844723321627729e-01,2.546747453115589810e-01,6.246984395131527368e-02,2.953510460115357228e-01,3.866802570935471417e-01,3.774087325066846077e-01,8.384056651017344208e-01,3.590738746899724276e-02,4.390205566837119822e-01,2.292727007662225258e-01,3.336222029535065737e-39,6.107714036831286553e-01,1.536180175081908184e-01,8.888210076678045857e-01,1.326066077144055777e-01,8.076904084511262738e-01,1.771738327181996420e-01,6.441164915201129659e-01,5.164506785917184484e-01,2.680534428251982737e-01,8.789364434976427720e-01,8.455851027692008470e-01,7.021218390963345213e-01,4.931918839695449419e-01,7.839212594342023221e-01,1.006061168571860120e-01,7.972453477456953319e-01,2.036868663170642302e-01,3.904530326759972914e-01,2.340368839779871646e-02,3.169579545183721647e-01,1.244423787605020149e-01,5.926970316971165165e-01,9.663418694116244767e-01,1.776991387896573737e-01,2.795666154874305587e-01,3.457141812401687275e-01,3.014669727381944497e-01,1.074221015312538663e-01,9.758234968554035937e-02,6.150100617175333628e-01,6.593501497498071018e-01,3.344359294826477758e-01,6.999854725666611044e-01,7.677057212104452244e-01,5.293180516708434480e-01,3.350767606269511312e-01,6.180039684721816418e-01,5.817721780842124435e-01,4.043782974923590956e-01,7.155831719348985098e-01,9.663842310680237357e-01,3.758147239519742389e-01,3.023861587745454438e-01,3.169522618298484806e-01,2.302190455996693252e-01,4.982110659351544069e-01,6.319689771189919147e-01,2.370678208618293148e-02,2.352497096287587963e-01,8.872371894088991739e-01,7.256380652579502710e-01,5.389028258140380334e-01,2.003304934329508402e-02,1.892258884734220326e-01,5.914812265063843499e-01,1.798122273450210029e-01,2.424641964781391046e-01,5.458676157189945588e-01,9.717385081276010972e-01,4.744881147587284298e-01,1.575744920165925711e-01,4.005191945303682166e-01,6.225490318249242705e-01,1.828353155708637434e-01,1.712154920798444335e-01,4.475178390069867174e-01,4.372079857276497394e-01,3.121372918679444775e-01,2.845196378461066766e-01,5.303521119998988453e-03,6.821336308241007229e-01,1.587690098142768846e-01,5.301816937637875427e-01,3.445176470029019944e-01,6.411198946405808341e-01,7.082115600603799965e-02,7.488613991903404488e-01,8.336238482081961276e-01,5.872774446822909278e-01,2.508398743224803384e-01,2.361940861431908179e-01,5.066505873347049160e-01,4.418291643372662669e-02,6.211701073126063566e-01,2.722200610592421244e-01,7.336207657490367851e-02,8.692228809806129552e-01,9.047184362587695761e-01,2.362645119240824876e-02,3.264463752270932995e-01,8.876632900419011429e-01,2.994612543231891522e-01,7.691136696480094237e-01,6.781731901099787851e-01,5.203480015555730365e-01,6.051760419905338750e-02,8.144532996228193156e-02,1.490186800667511191e-01,8.770615009965505582e-01,8.129362956571287713e-01,8.929468208295039400e-01,5.663022389624738917e-02,9.076609005146284437e-01,6.216792537284467901e-01,6.981000918424142831e-01,2.610172657175491295e-01,5.833583213208938245e-01,8.930341867963664804e-02,8.154716750975664619e-01,3.857810469508506923e-01,1.280211192687703559e-01,2.912499112001044610e-01,4.172905571745577635e-01,6.052864125423877972e-01,1.197955436438489230e-01,2.309531915915874478e-03,7.052313772116649560e-01,7.871056955728357174e-01,4.932744491882974369e-01,4.415377675805693958e-01,9.947437137240270344e-01,3.720545128313169636e-01,5.865256468346330410e-01,7.179862446946703169e-01,9.973097724077161219e-01,4.360377127052154078e-01,5.801938875052135014e-01,9.469672425820674366e-01,9.676480334641408554e-01,4.245491321305128185e-01,3.203755460454794646e-01,4.737582292447646282e-01,5.154674658582669711e-02,2.429524359773430620e-01,9.539155968722085044e-01,4.537471294415855727e-01,4.656891235886173597e-01,4.124909205476550156e-01,3.307231483700313612e-01,4.663928302278645965e-01,3.332844866045194809e-01,9.046085737818425621e-01,6.794946198007471017e-01,9.955950717707502395e-01,1.981919631176040086e-01,4.522745008290507407e-01,4.691587296480602687e-01,6.468569374871491195e-01,3.325527280434432686e-01,2.549472929194132043e-01,2.789176220848188503e-02,5.514998400784032473e-01,1.181890033954052788e-01,6.788935266414284353e-01,1.286620275775463007e-01,5.798180869832540996e-01,6.703523157599013960e-01,8.310783045857769169e-01,1.673737087840676541e-02,6.058748004672092069e-01,1.275637310862723917e-01,7.587779569953533310e-01,4.292140744367111127e-01,9.004458506070933677e-02,3.103458289748804999e-01,7.074971225893746940e-01,8.897015781355592789e-01,8.251961181018490077e-01,8.864486852865698374e-01,2.486827136957880935e-02,4.561679980649355759e-01,9.511457669907649182e-01,4.365169879167486444e-01,8.420429794273802671e-01,5.832758828744768476e-01,1.940957294502063668e-01,8.949802065940155593e-01,8.075691157639159901e-01
5.072281778366111160e-01,3.094902602371556455e-01,7.616357734341755448e-01,6.395490087855915107e-01,9.141694944720795135e-01,6.266627770280093213e-01,5.702179634020287935e-01,4.343875270148568335e-01,4.642282647007045515e-01,7.384252735546619206e-01,7.356357168111806732e-01,5.224373873831693604e-01,5.980832655221124394e-01,3.589876523590144197e-01,6.440971703793314518e-01,5.143806742479386518e-01,5.764193759993581079e-01,5.076032787989048778e-01,9.591019293628716413e-01,8.611757743884789207e-01,7.113540970984270073e-01,9.255854425283182030e-01,4.212820121409399654e-02,9.378484896082918132e-01,1.986561852504254988e-01,9.587520596648703153e-01,8.834055287471925810e-01,5.198548532108693276e-01,4.503641180631816621e-01,2.235493443455733864e-01,5.225391321583530146e-01,8.118859740186092910e-01,1.396729654224853068e-01,3.113472746999864649e-01,3.275740830361227873e-01,4.892564737457549828e-02,8.344117168205060775e-01,8.289168236179678129e-02,2.685297404787690967e-01,2.539798458178299523e-01,5.338897009341266875e-01,4.487628483484575881e-01,6.629040353615576198e-01,9.017408737472748514e-01,2.149259341905863652e-01,7.810754603771641325e-01,2.937306055716318864e-01,2.527382963621147560e-01,6.825827508569141111e-01,3.478777511603980965e-02,1.839644553312047570e-01,7.782962572401880275e-01,7.904484016755065623e-01,2.527550368805079328e-01,6.871394841849065571e-01,4.896488302034123219e-01,1.008345955316333198e-01,2.264423011895546622e-01,8.053299248619648631e-01,9.382054798062364753e-01,3.658398791448155274e-01,7.233258149658856606e-01,1.286027318821129084e-01,5.041061692495851787e-03,7.971637986137203313e-03,6.465147252747625028e-01,5.869290540234887166e-01,7.738163889057180223e-01,7.270614506831127866e-01,1.272092506638619058e-01,3.745342603934836978e-01,9.921128809257134806e-01,7.959992865868081857e-02,3.367324033494299984e-01,2.592956372812152965e-01,1.221117103480349186e-01,1.639075384685106940e-04,6.936858572740862705e-01,9.614828180452102968e-01,9.484121034264519912e-01,3.337435578732134145e-01,7.575752293196792442e-01,3.646595973374956445e-01,2.302511543244278869e-01,8.020359701675140451e-01,4.471906451973473029e-02,1.471462364743344464e-01,6.690475410907957832e-01,9.449364611373056722e-02,1.861911234185282815e-01,1.161896747536153018e-01,5.639681162863072750e-01,6.205406591344920786e-01,9.950139033078553297e-02,1.993797471437268598e-01,2.484458372760300904e-01,4.120450916381246387e-02,1.178484557092467355e-01,1.849724061893046612e-01,9.379782284506785750e-01,7.027064194756584836e-01,3.219609833409722288e-01,6.499904189749994288e-01,6.794094244077217848e-01,5.398621625278925418e-01,4.081180252229588135e-02,9.116834085638495511e-01,1.509504350335848510e-01,5.475141032359149840e-01,2.713613201308653355e-01,3.103426434211982166e-01,5.192976555885271406e-01,5.832237851549129104e-01,8.239657782514906437e-01,2.763016934442407146e-01,8.579773540942693399e-01,9.171146188534362587e-02,4.885515668867305150e-01,7.873636662936279729e-01,7.129405499114985778e-01,9.506350097045699332e-01,1.297510225668785377e-01,2.471126573268414006e-01,3.366720446997875094e-01,6.482494729530373645e-01,6.118011859891572257e-01,4.120893216157940353e-01,2.910571683390607012e-01,8.044327307836055541e-01,4.218314681396773125e-01,7.651770783695837075e-01,9.836071862262012466e-01,9.454135631334342760e-01,9.346864936703406235e-01,5.590950343930900512e-02,4.172203872891495635e-01,8.988467604011418643e-02,3.138890826632029230e-01,2.303949511102918457e-01,8.918387020294922252e-01,7.336900483525758965e-01,5.415076439730051039e-01,8.008927362489703938e-03,7.163050985807013493e-01,3.909701695553398082e-01,5.965519356968995712e-02,6.178867636300133803e-02,3.312064255633422327e-01,5.194373115269499408e-01,3.885939421826478668e-02,1.897430580095100794e-01,9.699214655091936699e-03,4.687232638815310715e-01,5.724224667948625278e-01,2.648474848117248204e-01,1.842390163878715459e-01,3.077780519975324980e-01,1.322873864280922351e-01,7.833387350650551362e-01,7.338833120336940574e-01,9.217645342597557967e-01,8.764605789092800858e-01,9.102203590240562914e-01,3.074959420258427389e-02,4.018986766280820966e-01,7.146404670308438289e-01,4.469441999508021457e-01,5.960754338243605677e-01,5.791089732468310824e-01,9.968903324006173072e-02,1.198662749539115557e-01,5.436054227753710499e-01,7.660608887229324315e-01,9.686159537258092200e-01,6.497999518824917331e-01,4.666777281250548137e-01,6.301885760775347567e-01,2.861885367733552066e-01,2.873952492056551788e-01,1.671030543544960167e-01,5.356634015980754615e-02,8.144288990693387964e-01,9.389717827554547869e-01,2.628955004477517843e-01,9.258715486954529617e-01,6.634880120682908888e-01,2.012354721360767318e-01,6.678252861484228475e-01,1.167721677295596727e-01,5.388397659705409612e-28,2.465315345714825801e-01,3.331224609296910000e-01,9.659436476853580089e-01,3.504963409437078514e-02,6.519675797250878979e-02,4.568074600308607014e-01,6.237847061249492953e-01,1.549991242427479765e-01,9.431214693000886662e-01,8.338976177772060572e-01,2.996719053151776224e-01,5.839293895055255312e-01,3.663901348232674327e-01,1.458015220751822660e-01,3.383685222244605662e-01,2.177194697441496851e-01,6.069851694786447815e-01,1.478773625847550344e-01,7.737693951019677385e-01,6.154353052505099342e-01,6.388640562152246849e-01,8.682638002260520960e-01,2.061732423434459172e-01,9.232271674860199617e-01,9.561309996584715920e-01,7.132031811561618806e-01,3.049575661628373124e-01,9.871320745849210265e-01,7.341915973998623945e-01,7.155440641197567953e-01,1.923226099060241223e-01,3.479650791454181880e-01,1.777579905207118394e-01,9.187689474218350139e-01,7.327124929782740104e-01,4.913994851878785708e-01,9.046833792747572822e-01,8.537069592073665003e-02,8.558736970144944500e-01,1.211715560670958425e-01,8.074681313735513344e-01,1.449879806296712204e-01,9.512003360020560017e-01,6.613360696453878251e-01,1.433834555068647099e-01,2.863386611107003876e-01,8.308773556850195252e-01,2.089685966894598845e-01,3.927567368746257559e-01,7.050915783179468876e-01,5.024868628649907798e-01,3.048742886393634999e-01,6.674072379809615763e-01,7.562471862327122540e-01,5.622770020802809743e-01,6.605872367237625165e-01,4.851421730700800072e-01,9.945836925100145498e-01,9.530009223762004877e-01,3.345182931851231611e-01,5.041141835156213169e-01,5.179488470759820995e-01,8.303788321340312972e-01,3.763458192535455993e-01,4.528243670081111283e-01,8.977988887787324845e-02,9.863493870361165206e-01,6.612834275399304129e-02,4.496022980897260712e-01,4.153969045605507837e-01,2.731846984150445579e-01,9.529907712888592286e-01,7.691557281196729212e-01,1.334501279293242026e-01,9.944500521586975283e-01,1.321360820908213940e-01,1.112072897911108305e-01,9.256946111123651733e-01,3.607754534845272198e-01,4.339945674265692777e-01,1.168135590193085660e-01,4.572376133276072618e-01,7.300761058477410748e-01,1.292496803566864916e-01,2.226684976701963636e-01,8.204787216909004144e-02,8.675947854993883990e-01,5.778153118900253293e-02,3.215689861144128692e-01,9.722959150914779469e-01,3.796312547050786357e-01,8.011085681162766203e-02,7.857465927582065746e-01,5.549596201044071364e-01,1.829241793598189725e-01,5.117504236800327622e-01,6.823795355286859099e-01,4.493825542229140657e-01,7.433259880564671018e-01,8.378756044727038166e-01,3.530996030059740942e-01,3.221479118000396547e-01,4.795822306641882582e-01,4.248323417944145364e-01,1.814959468258906528e-01,6.338831109488105575e-01,8.238861331525522136e-01,3.608422196531304582e-01,7.802146865771215634e-01,6.589504641656205308e-01
7.862675972177368688e-01,7.882883782715055521e-01,5.539749773929943943e-01,7.106853135949542377e-02,6.598031901266641075e-01,6.517343641097714801e-01,9.583899317941351192e-01,1.371211844130854063e-01,7.203221335221505761e-01,5.761954353823763864e-01,1.024239250873997253e-01,2.581518207188659986e-02,6.344807814143996749e-01,4.472772905483286543e-01,9.702867379939961179e-02,9.920501537520963753e-01,8.698368477352972361e-01,4.772840523230226228e-01,9.712037965094384440e-01,2.273461952918265361e-01,5.374024559516172861e-01,3.705781217165220465e-01,4.388696608209005090e-01,9.228171257365347380e-02,4.905832561458353114e-01,6.051202871277687745e-01,9.349976217810522794e-01,6.578054343322470299e-02,3.997101196708311432e-01,2.407261472319305318e-01,8.190666515865603348e-01,1.334258789226204778e-01,9.757866531502390472e-02,2.481229824223407654e-01,6.618850360135197786e-02,5.906676252538110017e-01,9.729369301053881758e-01,6.526662578601003517e-01,8.519451433361687753e-01,6.997629380530541177e-01,2.973735294880098801e-01,3.442755647412555353e-01,5.036078200550997419e-02,8.833154273032666204e-01,4.112274912789261050e-01,1.272619280554736498e-01,9.910310771563005661e-01,3.025714471825245999e-01,6.511808538651153722e-02,1.365805266282893449e-02,8.120961772721979610e-01,6.378112685637793433e-01,5.270627597483736881e-01,2.492764987423468082e-02,8.432281514370679742e-01,9.339661283718190266e-01,9.946745073209645183e-01,4.297634360401513254e-01,9.851032007381244071e-03,7.762195071010931091e-01,1.030933996687859455e-01,2.366561969801248555e-01,5.886651940527387605e-01,6.035962846060423104e-01,9.836031306955070885e-01,1.657218496748897874e-01,2.138105517674421252e-01,3.384261707337002933e-01,6.478079609145193096e-01,3.343777962725175135e-01,3.017039501221085995e-01,7.000797112302149516e-01,4.254230815543595945e-01,1.711245554890590270e-01,5.455756600342058782e-01,3.786973914012757847e-01,7.817494428475538770e-01,7.485383300580525923e-01,3.556927253737309780e-01,9.597491816159559042e-01,2.418906547441906918e-01,4.424043441580919334e-01,4.004342736042819650e-01,6.409031123191452073e-01,2.962514134907856533e-01,8.389726054665581634e-01,2.625828480218164174e-01,1.769761452146909608e-01,3.778317521329889184e-01,2.650749082123831091e-01,1.892187193457984806e-01,9.603178599534590854e-01,3.590764559502038766e-01,2.696912390166855689e-01,7.084796337902388164e-01,7.476510794478681277e-01,8.816140585162579590e-02,7.583741487029129758e-01,7.295678948425670107e-01,1.491887561092443137e-01,3.348365622714370993e-01,9.625028646432980395e-01,8.069728485866589640e-02,5.526473717698583421e-01,7.681499493494668984e-01,5.952372630302869005e-01,5.326764380127818610e-01,5.712579631487950671e-01,6.223921476019265153e-01,6.931261071185601530e-01,2.686644527617590983e-01,8.395173272291903688e-01,8.332492721952267090e-01,8.389448100739816949e-01,6.035939882097722808e-01,3.784372185193363158e-02,6.101666553266069659e-01,4.049255325836395025e-01,1.929414679236446384e-01,1.867508928934229484e-01,4.996526592220981167e-01,4.530427244678580934e-01,4.394895416027684298e-01,2.585957115609457402e-01,7.125497744533511035e-01,8.857535171854965528e-01,2.633501280583530058e-01,6.726294643899315417e-01,1.999235369055338829e-01,7.802084804410600594e-01,6.302735634913467777e-01,9.884439376542973887e-01,4.618720336211574740e-01,9.685731374140506000e-01,3.949114344755132455e-01,9.289799522494568418e-02,8.815626780912712013e-01,1.676094083161560055e-01,5.312338692539553264e-02,2.593666722955816351e-01,3.679956601041859399e-01,8.564779566547103133e-20,6.010905222909268542e-01,6.086865040273511385e-01,1.442370267859997002e-01,4.166161056129433771e-01,5.397659910056629151e-01,4.548506815622054278e-01,6.165843718028116704e-01,3.296128598770274865e-01,2.344194840989647366e-01,8.063578032062148626e-01,9.924127896452042963e-01,6.075056784363153106e-02,3.763269460127258714e-01,8.074055224366741834e-01,1.077490371192099117e-01,9.441280668905764895e-01,2.689868647762579945e-01,3.990249656844819803e-01,2.791623449986992966e-01,8.054258805327322301e-01,2.437401482669699915e-01,8.737074673081276499e-01,9.980069038403983628e-01,5.825894467851472358e-01,9.292081997133494475e-01,8.823480376537228276e-01,5.149571846075873260e-01,7.396548836715375330e-01,3.691811530339540459e-01,3.973534196913365291e-01,4.896042813052436937e-01,6.699948151516152972e-01,1.300906640247758705e-01,2.476564992599261661e-01,6.558983344883165811e-01,6.140344751072479568e-02,1.720395241673813302e-01,8.753825350481104772e-01,3.648131950359648767e-01,3.283963720950143772e-01,7.254198293577989176e-01,6.598052410919016397e-01,4.144748713511008376e-01,9.803417549026678390e-01,5.935956129979751417e-01,6.176047329854883472e-03,1.257735281669810634e-01,7.214467750357200782e-02,6.606041460118663444e-01,1.053079741200897423e-01,7.337613722749343204e-01,2.362983023953180162e-02,3.401199530230223367e-01,7.031573449012920030e-01,1.175378640486736126e-01,3.346397896854714782e-01,5.288251391102395393e-01,4.399794323274205388e-01,5.245546506607641213e-01,6.233147457643880562e-01,8.671354819918708490e-02,7.402378413725463346e-01,8.430894356203921802e-06,3.919013162724394039e-01,2.839881297704108798e-01,2.200790728335317858e-01,5.326248219555522745e-01,6.269525709904042454e-01,8.361923024878725741e-02,8.556436532584226207e-01,1.019997122475423401e-01,1.804073539014124927e-01,7.856665379979923536e-01,6.359486497881647882e-01,5.555590878213021444e-01,7.576986618691806674e-01,8.980666643556272088e-01,1.100393834439686858e-01,4.940498848392010922e-01,4.029118297364320256e-02,6.177502146595464927e-01,3.303774773214093186e-01,4.869238925991244971e-01,5.437642674631433248e-01,5.212724311783776265e-01,5.462197929309475786e-02,1.255637148100713363e-01,3.978307362802621094e-01,1.895116287793323639e-01,8.750319393357275377e-02,4.337702588074687782e-01,6.391264472176272360e-02,2.909212302928776417e-02,5.141006432858414854e-01,1.272222057733710665e-01,8.095481382793966452e-01,9.839657326639018597e-01,8.585907482602653795e-01,2.234080793501755924e-01,3.954508602353312696e-01,2.181432929147127942e-01,9.392553313170126650e-02,9.593435055187337079e-01,9.569243777222022906e-01,3.700016944645193595e-01,8.349705342775498584e-01,6.071276867939151556e-01,6.720061894319921958e-01,2.924055995996205359e-01,5.778353983364832303e-01,1.848563910128420140e-02,8.073401634424092199e-01,5.801855183467183874e-01,3.903622979957542816e-01,7.213059831020667279e-01,8.385518687473025867e-01,6.735966634490999638e-01,9.160459507524428835e-01,9.486515647297522058e-03,6.007443512772016048e-01,2.867711770487715306e-01,5.181417522977752599e-01,8.347688196997041787e-01,4.866677112486821333e-01,8.076549728924848903e-01,5.185152171008498012e-01,3.740761529287833786e-01,6.550099263327286980e-01,3.266851250605090629e-01,5.968316058408930092e-01,1.851745796792233500e-01,5.732906241424371441e-01,4.494004614698199340e-01,9.465818588124156330e-01,4.200356499761914719e-03,3.202602670767467075e-01,6.135817222652006908e-01,5.675950210276506924e-01,1.243608791348618237e-01,3.976535523621883561e-01,8.220315371784425729e-01,8.674101994568774732e-01,5.142538550569923927e-01,7.005653102547488853e-01,8.974164316674955177e-01,9.684757148772774604e-01,5.123889162848888068e-01,5.476923408992906417e-01,3.252639574878977147e-01,2.493319095819280795e-01,5.304272674201677695e-01,4.706387568757282036e-01,1.306880214358698833e-01,2.636348433987444340e-01,3.543237184720854360e-01,8.339718315624460310e-01,4.496699023900530001e-02,5.162099585058786966e-01
7.641097056124184217e-01,6.983663450314321341e-01,4.780128847740525710e-01,7.159940655551572108e-01,5.335473020705548963e-01,8.883502640435534392e-01,1.962749325756613095e-01,1.264103454428766593e-01,2.318320808861847881e-01,9.623869614201716605e-01,7.577496124236149377e-01,2.761393158173043316e-01,1.598475603737005146e-01,4.666598909011567820e-01,4.588741679081946856e-01,3.472811322199512718e-01,4.625680456395765416e-01,6.649030536507852807e-01,3.920981676014623218e-02,2.999901852308450856e-02,3.629544370093983341e-01,8.415286468277126675e-01,8.483530671758843233e-02,7.293219227177318853e-01,4.900999805190913161e-01,2.218014917468016378e-01,7.670455807687485139e-01,6.728375406625815014e-01,9.656151250203274250e-01,3.671175116799493265e-01,5.953744411759753774e-01,4.433288930954182305e-03,3.856883219835324228e-01,7.480043366509356861e-01,6.632589327749861541e-01,9.857461893236366679e-01,6.526721863676248070e-01,6.954887024054418054e-01,3.642099764594449729e-01,4.312408218894225875e-02,4.660850102145358553e-01,6.886659578203989662e-01,1.554704082829246881e-01,3.429620575203573551e-01,2.810485819916183070e-01,6.450931757879896367e-01,9.801643629443290706e-01,7.217763784013869754e-01,4.044760402578732039e-01,4.856992089766211107e-01,5.128147364940891517e-01,4.300755493851839972e-01,3.182579830843358382e-01,3.538099353742765185e-01,7.861328956997568618e-01,2.513896488836678822e-01,3.626318778905840423e-01,2.300958762426097426e-01,7.615033445583350158e-01,3.696767951663870733e-02,8.796470406107012030e-01,4.200421857734916165e-01,3.831673998347226995e-01,9.711611514656811606e-01,4.841760903008424100e-01,2.287788939019298473e-01,2.525323401938565082e-01,2.392861044711580565e-02,1.658229732914989762e-01,5.973737152532063721e-01,4.788032498430608852e-01,8.329485575337494119e-01,1.246392356030173731e-01,1.762117576024350152e-01,6.942623808552359499e-01,8.106793487137702314e-01,7.707452668567821297e-01,2.684892675354032532e-01,4.476825347170735325e-01,8.751044715774233262e-01,4.685982543635147657e-02,2.428678724504941266e-01,6.817656461416404801e-01,6.870530686749696248e-01,5.504802068525586067e-01,3.203653272391489004e-01,5.214418431875946780e-01,7.514276124683023639e-01,9.353375369094445446e-01,3.865310003291482221e-01,1.109127386045378749e-01,8.677016084009037122e-01,7.982517022136292884e-02,8.886880412213634672e-01,8.180941341087127894e-01,6.118113711272576971e-01,4.232846666197895846e-01,6.891257868395483932e-02,1.147481818699431777e-01,9.513086427267735123e-01,6.329498593749507407e-01,4.599668406245871477e-02,7.478046485679787914e-01,9.004322856217938931e-02,9.999683159083060380e-01,2.869347058395895766e-01,4.613110221731104854e-01,9.938379552723335397e-01,1.614822251748104787e-01,2.860295558302555774e-01,8.585951798045763361e-01,8.582072471815598291e-01,1.595673541448738852e-02,8.207887754818933290e-01,5.982475221941754295e-01,3.847725536230724996e-01,5.222179824355841493e-01,7.086793865348444132e-01,3.454313546174209160e-01,7.219032711751187659e-01,4.244023997034840345e-01,1.221050907914287276e-01,1.341159015398440957e-02,7.016930709447299908e-01,8.265740662368687985e-01,9.259727435393148021e-01,6.523519586594190844e-01,3.143526842214640071e-01,6.355483995165692734e-01,2.316236068738158904e-01,7.489879157456340586e-01,8.240312669016215397e-01,1.037274961607357326e-01,8.627163165597454553e-01,9.223659199044338397e-01,3.883488830047022722e-01,5.577695033213118103e-01,5.434645346671578281e-01,1.804874447424711370e-01,3.106364800056830022e-01,7.049407494871662294e-02,2.329206987658105632e-02,2.818611753042526979e-01,6.874890660041768076e-01,5.935897076922639348e-01,4.895801421219051486e-01,2.788309488713845985e-01,6.559706029898837443e-01,6.718067146024632175e-01,4.196233706865941659e-01,8.146827634651266914e-01,7.325477835389277992e-01,4.049894476638755680e-01,3.056550752134440385e-01,1.368124302156881189e-01,6.675794539263701921e-02,6.141780447435445378e-01,9.119349583887947919e-02,4.803351054761051397e-02,6.792237033133525781e-01,7.189567741666436085e-01,1.273098807950624467e-01,1.368018238080650484e-01,7.460645504004415063e-02,2.358853767863677842e-01,2.362812986862491416e-01,1.244576482490490354e-01,1.305438544078607599e-01,2.881752367803578352e-01,4.978457419785146110e-01,5.534629966497424114e-01,7.745916774820102990e-01,9.661851072301526067e-01,1.008809390158116326e-02,4.525188081949514940e-01,8.875018897435796861e-01,6.166053036057639325e-01,3.672287500128529336e-01,6.755474954969202805e-01,5.279245273444010955e-01,3.972509953181718734e-01,1.283489554178789405e-01,2.317542103265277653e-01,3.098685636648572661e-01,3.889064956358778691e-02,9.206503108755716980e-01,8.065046270437470355e-02,1.103547285273043244e-02,5.656098481852390725e-01,1.438802354235366732e-01,9.369951295852989581e-01,3.470802828543773089e-02,6.150634919331852135e-01,3.996383877968970877e-01,2.390375409812405261e-01,3.436282710671225704e-01,1.132919045381322043e-01,9.742766688861848046e-01,5.547166218420340744e-02,8.825438799610250129e-01,9.239852029001771605e-02,2.176804142420623034e-01,1.341420168812290648e-02,5.123467760329465381e-01,1.347570835515791154e-01,2.754747258033198865e-01,9.713729649197477833e-01,5.701489529080484564e-01,7.940716279713297965e-01,7.417673709782451885e-01,3.117485454197115313e-01,7.744810644743462813e-01,1.336663183036669311e-01,2.844028187305785993e-01,7.690372008157968509e-01,2.315645750885804155e-01,1.497787355863240411e-01,2.867059308440262910e-01,6.596321771454282112e-01,8.025392273811498001e-01,5.267306746599541567e-01,2.522301022664918957e-02,2.028832505028768107e-01,8.382376598824171632e-01,6.448769204763278307e-01,1.850908912806538131e-01,1.220277629452061197e-01,8.705395709985253028e-02,9.015497213761569650e-02,8.619043429177539739e-01,2.230370553528359112e-01,8.256199551553747851e-01,9.863990757803496878e-01,9.065933171126097090e-01,7.497565755204922411e-01,9.677391546538540723e-01,9.854355405270438517e-01,4.477482631097541299e-01,1.361343219065839216e-01,5.784991704092588005e-01,1.790259532713032176e-01,6.353731408144021042e-01,1.267074570746107298e-01,1.298392001829163922e-01,3.022115620332718189e-01,5.949801337552012015e-01,7.841451395758436416e-01,8.196735146352338575e-01,6.745561112857928476e-01,6.600411163494834810e-02,5.824531321030346209e-01,1.306995788889522281e-01,5.287276609951314654e-01,6.736492026846303549e-01,2.838182496819849909e-01,5.647626337563120824e-01,1.636099295733661751e-02,8.909424351823251875e-01,5.133399469421017214e-01,2.478231336534100215e-01,6.373803253169740834e-01,7.422899305604166997e-01,5.618121937107347641e-01,1.979849283217464118e-01,4.941393841402578202e-01,3.852938185772309954e-01,3.696366516076909914e-01,4.917197182813594081e-01,9.991644593481918690e-02,3.559799217187850084e-01,7.577293221013290392e-01,4.214036719151135202e-01,4.470676309418736283e-01,4.992609671595598098e-01,3.307702039926851967e-01,4.245346297534265956e-01,8.376423731493485292e-01,7.849665915590422482e-01,8.878572554495236524e-01,8.347271745964919276e-01,1.799553966869871235e-01,9.985877399952116651e-01,5.091212887481971761e-01,4.416542392334995570e-01,2.386394319460124480e-01,4.050655634313227171e-02,5.054042696079814601e-01,5.670315553720686186e-01,9.375824092557712985e-01,2.086691480841885715e-01,6.523137425137961465e-01,1.114071522659346725e-01,8.363174275532200275e-01,8.453013692417894465e-01,3.822472125888408678e-01,2.004469607732178860e-01,6.110346230162596592e-01,7.315237024753614703e-01,9.177513035367980132e-01,8.343703319541434515e-01
6.389825067356180721e-01,7.975516845846594149e-01,5.236688772983808526e-01,2.527510752293716800e-01,9.630692269865439581e-01,7.041533263583328317e-01,3.750048822033147378e-01,7.779052579265560707e-01,5.890464512854256540e-01,7.240123430417158001e-01,9.321838912404741828e-01,4.467018174313296397e-01,1.126276775357268889e-01,1.581470852156766638e-01,9.832778229177054907e-01,1.822215184954532052e-01,1.090020437832681655e-01,6.410313761153320078e-01,2.598904558500949591e-01,6.296461569572596728e-01,4.737181634355557280e-01,9.550021256153695681e-01,6.888703784913723371e-01,8.760747899949082873e-01,4.880876951749563153e-01,8.736485594127902932e-01,4.946775339962617979e-01,7.131645366841181666e-01,7.889061823088723280e-01,7.286925802082370174e-01,4.735085948521230437e-01,5.472781342842154562e-01,6.482022441444373895e-01,6.877153245265776871e-02,4.296248589006612661e-02,9.227678777556046485e-01,6.387557410110370482e-01,5.000184734971129252e-01,3.291295708962195254e-01,7.437456709025302981e-01,9.066506858369969279e-01,7.888056211933520689e-01,7.990989831563068968e-01,4.311952924196955639e-01,4.021028508837218851e-01,5.002853949254921773e-01,9.080005743304556676e-01,6.540094640930309566e-01,7.688747694713555791e-01,3.442490901271703096e-01,2.147239314950879496e-01,1.803958262731628626e-01,4.525345005851059144e-01,1.992548907236971756e-01,6.526788344824170363e-01,1.455430373693401558e-01,7.195791575752674696e-03,4.019108683434695628e-01,9.166480621282894203e-01,5.489553351054232699e-01,8.145547703879920665e-01,8.278265145715868467e-02,6.170957122155311669e-01,8.295037567419430991e-01,7.394660302873788948e-01,8.459977730379617533e-01,1.818000403323130065e-01,2.244370868671345942e-01,1.746665916180728528e-01,1.950209003610713365e-01,7.585916473587192010e-01,3.211679444363166880e-01,9.589327360952514256e-01,2.701121575719317436e-01,1.339003401484606393e-01,4.012383212768534380e-01,1.330590700216751632e-01,4.960453725157809579e-01,6.104737338437785654e-01,6.808755655004287144e-01,3.203627440751222188e-01,8.258747932110465095e-01,8.085040598739985374e-01,6.507278228117723273e-01,1.588410586845235839e-01,2.509405072877411991e-01,8.969950547329109680e-01,7.255576385757207536e-01,9.799902744978256086e-01,3.977898859294858314e-01,5.774702109250333670e-01,2.250911906933480422e-01,6.734145023819488873e-01,4.043499626866694507e-01,7.894926098373525880e-01,2.954778505271866695e-01,6.512902093606771636e-01,6.244956559906935656e-01,6.201057093864383862e-01,3.113781534734992862e-01,6.327037337547225526e-01,1.857978699287671231e-01,7.044850821050554490e-01,5.443050274047456227e-01,5.652478572491779207e-01,3.276905433022717640e-01,8.802549869809077610e-01,8.337812185582803570e-01,9.834782827635002445e-01,6.468153957701723300e-01,6.861868834394584393e-01,5.287701577377416085e-01,2.346161781062375828e-01,9.255765843991352604e-01,2.720798430276558655e-01,2.912404608988650168e-02,2.705075504839687950e-01,8.426717892601276461e-01,6.725064844668373620e-01,6.820871310932412612e-01,3.822306350393875896e-01,8.195175078871130836e-04,9.340496437868195390e-01,3.485934683624851704e-01,3.470329043459816631e-01,1.306094169014151429e-01,5.603612432720180836e-01,8.754478680017614423e-01,4.250153737906450235e-01,1.886274530974816344e-01,6.312695093565716675e-01,7.468440748818216957e-01,1.417314733832976126e-01,6.130305096364332407e-01,5.494895124703905731e-01,8.007737873870607315e-01,1.441340660696848186e-01,4.914404158710218296e-01,5.235166715296921680e-01,9.915399564841339553e-01,2.937633400860395483e-03,8.659739592076221015e-15,1.421125647095919931e-01,1.661295627446393031e-01,2.376703304229708102e-01,8.088779248030086855e-02,7.744824914034847962e-01,1.489611073047257817e-01,6.123655702355358388e-01,9.419843023747618282e-01,6.618358631288937532e-01,4.849361142098385091e-02,4.676747880235228028e-01,4.362460347244406789e-01,2.039866232373998001e-01,6.278991700379155105e-03,7.865471565969762713e-01,8.932311681739635301e-01,7.570218728910341754e-01,5.817722798362672254e-01,1.431378904786810846e-01,6.100267121191182973e-01,8.731669180582988243e-01,2.460791226733680670e-01,6.962923357595978135e-01,6.671688257216976670e-01,4.877324516141497979e-01,7.749275912053562587e-01,5.039333133785696139e-01,7.210371771600037061e-01,3.486474459667512349e-01,9.503015140722492760e-01,3.326190583394660338e-01,4.465637948454767026e-01,4.227673450328943705e-01,3.492668934320527496e-01,2.837131843922514607e-01,2.875447979206628979e-01,2.861935922292846435e-02,9.060563257005394000e-02,3.815299442925130791e-01,9.261719356039592732e-01,5.071189913256834991e-02,2.794934203348056201e-01,7.499101252747508717e-02,4.631651488428335517e-01,2.382493364690874138e-03,3.681184907729253553e-01,7.892008159991459326e-02,2.480066199320605236e-01,7.791794711944834972e-01,2.280380157499578564e-01,1.462522178020327912e-01,4.924751556032749278e-01,1.520824198441965702e-01,8.227746584797414053e-01,1.367531146228815331e-01,2.073338313121864118e-01,2.931863561768789372e-01,1.992020343669942406e-01,1.491520309839597935e-01,3.488830436106488131e-01,9.622248048333229553e-01,4.970232553573979972e-01,4.204700364399016621e-03,6.928195192516941603e-01,5.370270800375238629e-01,1.322830242238333120e-01,6.050382750223897155e-01,2.686906508290157758e-01,5.250840448935505389e-01,2.515530149827948092e-01,1.555998139107503953e-01,5.928465087258545374e-01,3.980237944220431645e-01,7.468142852950826471e-01,5.144904341057621178e-02,3.952947190723404836e-01,9.805699731102440753e-01,2.816780374861796998e-01,9.633092077726373992e-01,2.804107391273791272e-01,9.888359636663747176e-01,5.098177000345180954e-01,9.614124470327222172e-01,9.201253728445667468e-01,6.198112336480056106e-01,6.862472939827666263e-01,3.827718790276138927e-01,9.730215217080562251e-02,7.554328794850850848e-01,8.177577009015507548e-01,9.031390922296169688e-01,1.599574150799343286e-02,6.728306604467899632e-01,8.671586523208343333e-01,8.437002806170834646e-02,7.632688214836297336e-01,5.768506057848709068e-01,4.646043441949324615e-01,2.808372025892061918e-01,8.900825945488282098e-01,4.140627917729829965e-01,4.266221091298241230e-01,1.378732184966821039e-01,4.569351128161626141e-01,3.371993086960812791e-01,6.755387288080210162e-01,2.760489080696880704e-01,5.596154991003803314e-01,1.576506002689673780e-01,1.287590310088060352e-01,8.980724476468117112e-01,5.392833094321287657e-01,2.219018189454682322e-01,7.217079441040235022e-01,6.102447589573052333e-01,3.376046121698919045e-01,9.030453498029291648e-01,1.744545743101300062e-01,2.969888611164255288e-01,5.216600316261855719e-01,9.601751837267503698e-01,3.477080317185560210e-01,9.834599499324937488e-01,4.450750835625170154e-01,1.432421119926375885e-01,2.536163131690352124e-01,6.407626538904851454e-01,7.499218847352353556e-01,1.621301069395870709e-01,8.459478013178556299e-01,7.698685063454440147e-01,3.304484905533178196e-01,2.845783254451121902e-01,5.240344131936891525e-02,6.453055196228451029e-01,9.052573087942958896e-01,8.422744660100300873e-02,9.247379875544425865e-02,8.259055521932662236e-01,4.762228474063684436e-01,6.961272994472723630e-01,1.321770759488826164e-01,2.487233917388385063e-01,5.319076404418570103e-01,7.395054992261352877e-01,3.352698426394583597e-01,4.662254600349222677e-01,7.007925522229407900e-02,4.343045313841076283e-01,4.455080423071932083e-01,1.168677285764572193e-01,3.092249082375810865e-01,1.841606327766673878e-01,7.201082811068802991e-01,2.795860419010590681e-01,6.814147259995602113e-01,8.394063359439206673e-01,8.346043576646063888e-01
2.023435227260229619e-01,4.686231139405617752e-01,2.546198053960155860e-01,6.106580141494206693e-01,7.718241496826141468e-01,2.279427240094656915e-01,2.857921135630363541e-01,4.038814615160915000e-01,3.997868573692764382e-02,4.318274238839358015e-01,6.032063455341907243e-02,8.375309022769262812e-01,7.212903213660167845e-01,9.745671188434648080e-01,3.778231072879769670e-01,3.799381914312403019e-01,6.695531314451708127e-02,6.056632871669243023e-01,9.110688257221919439e-01,8.490452919215225602e-01,1.535148884394569313e-01,1.732174986057588573e-02,4.811824792441304899e-01,1.344699770650450432e-01,5.198019229460886237e-01,9.691772121793281736e-01,6.911784735792136924e-01,8.800908639842008885e-01,8.517693582805192509e-01,5.298850925577999194e-01,4.279406466743380655e-01,8.518298621294341233e-01,2.075450904234711347e-01,5.248483329109401296e-01,1.296866661624551664e-02,6.221932026564123142e-01,2.470904098457232800e-01,8.253384596159685227e-01,9.472592295101592841e-01,3.049399016142643193e-01,3.256458797259421667e-01,7.069275303835538260e-01,4.733692572808434473e-02,2.831835729063214568e-01,9.675414707721708973e-01,5.695867943669812306e-01,4.578197324663799694e-01,6.785529131814872494e-01,9.196881371506133718e-01,3.793935330043575194e-01,2.179051383511383388e-01,8.098891868533616423e-01,3.929460071481649663e-03,3.884784484142812522e-01,8.989651701744124646e-01,6.474188043069240006e-01,2.455836937688055110e-01,9.977436413049020070e-01,5.407139488850177811e-01,3.104683700395099999e-01,4.877454480501715040e-01,2.618216466155605104e-01,6.573888336472962779e-01,9.569060260436554888e-01,1.836399847654301976e-01,3.746123302885866480e-01,3.007617166152946053e-01,4.631681868223258558e-01,3.666480846945326943e-01,4.907859285974317531e-01,5.653813474860158728e-03,3.519527215653218688e-01,4.349290982224691682e-01,3.764539131358122237e-01,5.292249771542603121e-01,7.361264550312203170e-01,4.876298376493859443e-02,7.225564164309783433e-02,7.747405817507128090e-01,1.847948683832288941e-01,6.317529223866678034e-01,5.618497440924736797e-01,2.359974569528044963e-02,5.770546733289416697e-02,1.355171810410390476e-01,6.941355632351470240e-01,7.606322731664896253e-01,7.649177719437361134e-02,4.094718315993091107e-01,9.690211939603740054e-01,2.691122345560531537e-01,6.481519907024912985e-01,1.916358120857962755e-01,5.623166059682149776e-02,3.853912996949055980e-01,6.309632440085131133e-01,4.775661780233513287e-01,3.035385566747433872e-01,5.591752151124331771e-01,9.915250194850886434e-01,3.209206258997759909e-01,1.901176605175147749e-02,8.291188505864059977e-01,5.355504041214000921e-01,2.761843888605353126e-01,3.613466451328617435e-02,6.837692557853312092e-01,8.121981185298177142e-02,3.790533222014561554e-01,4.683387722672504028e-01,4.358840412576553414e-01,3.667878883312668536e-01,5.022067467046402722e-01,1.359444373941184336e-01,4.608415438457296176e-01,3.375927484934144740e-01,9.544010561804683324e-01,9.927169210914876807e-02,2.635105419984906661e-02,1.631757479812435685e-01,9.948273793284776456e-01,5.875095325626248366e-01,6.689534322521366594e-01,7.014364587566876974e-01,2.847118087509599160e-01,4.035866584179348404e-02,8.915789427010404333e-01,8.460148458461103083e-03,9.628544760159100102e-01,5.286520240007566152e-01,4.525177148326441356e-01,9.466726191588439310e-01,4.143911143908171058e-01,5.786000082644796594e-01,8.477262777202232424e-02,9.694366264216577322e-01,2.630897106835364818e-01,3.094247201015988269e-01,3.904449650251584636e-02,6.181270992019666233e-01,2.500651840241718826e-02,5.312335383811372935e-07,3.733219189086911527e-02,4.295540542142326501e-01,1.945719944941105561e-01,9.230192226445841364e-01,1.030415661040229303e-03,4.309833528095373678e-01,4.951477463112459176e-01,9.745010161674718674e-01,5.989125590770075780e-01,8.541359673312937106e-01,8.387627499680232468e-01,3.013377674041041177e-01,6.294563781568776051e-01,3.500079918617834407e-01,8.189607124882725131e-01,5.503345751820231113e-01,7.652240400089774797e-01,8.118878110970839668e-02,7.013186644572810824e-01,5.298737251332830134e-01,6.328456278407512681e-02,9.082947398798657535e-02,2.384030004857207174e-03,1.956409088856365663e-01,1.056084762843045866e-02,1.889270965897016374e-02,3.929894246278313741e-01,8.966984598602516510e-01,8.142670256237349857e-02,9.937712009242970490e-01,1.480489126593922400e-01,2.078997592745042144e-01,8.651626924056838863e-01,3.843381916300654400e-01,8.917640408672160568e-01,8.244208459452280202e-01,4.413926799255682987e-01,8.482233307516574561e-01,7.782117328997295580e-01,9.034921384600445027e-01,8.881607426847180076e-01,3.835973223625137596e-01,2.180961418517437522e-01,1.990211157130076236e-01,4.478278036409367724e-01,8.887990348591233714e-01,3.832377929353177892e-01,6.064444758570359806e-01,7.690651480604608903e-01,1.165376590009978841e-01,3.046412389689800992e-02,9.422132821107574996e-01,2.642026492576893260e-01,6.503766639210584177e-01,1.001523731255667959e-01,4.470112968382953245e-01,3.116513140398492476e-01,2.999126756116822223e-01,1.797621125290144173e-01,2.843427857595681729e-01,6.144164606582898092e-01,4.930977997700927151e-01,2.029935181422194423e-01,9.460154658041340925e-01,9.294573400298966614e-01,3.251394709578273590e-01,9.604571280606349903e-01,9.680384028408346442e-01,8.867534822679039586e-01,9.780076718024435234e-01,2.608268125364066048e-02,8.870193813117523973e-01,3.154854817061438776e-01,8.785840582964061785e-01,8.440344369273979908e-01,6.498745401145287204e-01,7.956213254408062152e-02,1.796349982532288170e-01,2.450523331628381429e-01,5.374875605980451443e-01,8.258433661479726018e-01,9.842929001923428345e-02,7.592158055403888106e-01,3.327592881645191625e-02,8.181790807074261762e-01,1.895355876616681146e-01,7.402113550656694851e-01,5.381382510247633144e-01,1.930845865402605055e-01,5.357858988410579837e-01,1.483972565253921516e-02,1.487550860058772795e-02,3.188819438236070170e-01,4.439621854465607420e-01,4.099565785872996138e-01,3.756466262875033379e-01,8.697486010709793991e-01,3.077392389750077673e-02,3.955793484963312512e-01,6.770872222549837449e-01,3.163274275977567829e-02,8.732220981717411235e-01,3.372174834278810485e-01,5.214469612266496856e-01,2.892315702370580333e-01,8.335175755961146127e-01,3.351584810816692350e-01,2.520917297467135665e-01,6.014543449326317237e-01,5.767625863845888823e-01,3.740763156221765806e-01,1.843076620735195625e-01,7.919010018470409307e-01,7.844310081877383656e-01,5.089228516874760855e-01,3.165330454823317430e-01,4.054995742820772797e-01,8.819465231776624226e-02,4.169382748405378036e-01,8.928165607561459050e-01,4.868849099486576293e-01,9.200654953875568864e-01,6.307259190777825264e-02,8.613960709768820889e-01,2.029319095943158402e-01,4.814208077069102032e-01,5.074859672658318388e-01,7.384939425337289087e-02,6.212636630318377762e-01,4.085473485762599610e-01,5.129181267172457925e-01,1.236159572801653894e-03,2.179290734051575473e-02,1.810511824414010595e-01,4.475989808523070934e-01,1.294343263581753112e-01,2.416626768017234861e-01,2.433126628258031054e-01,2.207002916280930149e-01,5.062440045315068637e-01,9.638962445936654078e-01,3.233251847208186147e-01,8.691934939151181316e-01,7.714182828039779505e-01,3.398435438699911604e-01,4.535933962978776490e-01,2.344774740207189456e-02,1.300092302195510197e-02,8.686794926252068283e-01,8.942180380308532017e-01,1.612276131385836919e-01,8.966534034030094746e-01,5.549691174483928346e-01,7.472993646391515865e-01,4.375410721259278546e-01,4.337253112997904170e-01,2.232419493847517256e-01,2.319857959215655407e-01
5.171592113092222665e-01,8.937380425566310294e-02,7.724406248493842497e-01,6.178728933694841441e-01,1.721950339547814179e-01,9.084558423386799308e-01,7.142389270562666814e-01,2.114560848783469948e-01,3.609147586934705609e-01,1.214175857231772904e-01,6.233810337015388559e-01,5.335039253736798548e-01,8.176359714440304405e-01,6.155273899969724294e-01,2.711295950017026390e-01,4.097365834991023581e-01,8.767533705995441684e-01,6.234353269954771015e-01,7.922815454316887163e-01,3.507617036538347444e-01,7.480533413854676406e-01,7.037966076662161008e-02,4.852214349353878298e-02,1.777171463853366440e-02,3.747669241130198170e-01,5.173928217358718662e-01,8.570921171037242381e-01,3.224907841212606430e-01,1.968992283376846952e-02,9.902334384224413810e-01,2.555840061324458068e-01,4.598626680085585727e-01,3.671331374431496819e-01,5.123468886122228838e-01,8.268406534773129479e-01,8.478925160660822913e-01,5.375145597752928328e-01,3.134993131711958370e-01,1.202582946961960886e-03,1.137038149259029796e-01,4.607565085757421297e-01,5.149705196812698338e-01,1.867498196935512000e-01,2.321379037297508496e-01,7.269440382469165574e-01,1.298347871891493144e-01,8.420533315218738935e-01,1.021599751502246800e-01,2.258195904558499834e-01,5.461209723326743148e-02,8.958718720474539987e-01,5.575333023064859006e-01,7.410420436730155158e-01,7.547408852584311933e-01,7.421041719785002044e-01,5.699119682725146685e-01,1.004964244603624435e-01,7.801904092201805696e-01,1.450957838985735826e-01,5.437978622911576743e-01,1.310338556426726697e-02,3.292888594498670773e-01,5.561819668800429550e-01,7.638551580327336277e-01,3.168849957022169539e-01,6.282108723287065377e-01,1.877614674344851853e-02,6.692808347099616917e-01,7.687526295773848828e-01,3.577003491276989910e-01,2.860397018865626917e-01,2.847728677829306498e-01,2.309752109736948888e-01,1.224956813939018785e-01,5.053935159434745916e-01,7.628156950044698847e-01,9.528698275640801185e-02,9.179774404774601049e-01,7.802350521371417269e-01,6.232455766416202803e-01,1.837235543820849859e-01,7.886848808557516133e-01,8.771594119317771554e-02,5.329807109913453633e-01,6.795144019197785212e-01,5.172114246207499821e-01,3.697805921505097349e-01,2.895503272480401957e-01,8.355408765973257879e-01,7.156508962278729236e-01,6.720838595882483446e-02,2.198139165082295676e-01,6.568574430414901855e-01,7.273341783734941224e-01,3.196687882063337094e-01,9.144257538475170088e-01,9.142420168279785653e-02,8.782528818083156219e-01,9.863601132537721528e-01,2.535167354822926988e-01,7.048208855949826823e-01,4.926027533516039725e-01,2.109669167845940052e-02,1.547949086382715000e-01,9.523972630007874196e-01,5.379494137844150758e-01,4.642156679942196496e-01,9.912634830752357074e-01,8.502038763021932954e-01,9.985397224399681360e-01,8.344975316981625424e-01,6.364486701521034906e-01,6.095021552008734744e-01,8.057299086672445876e-01,8.968857599563482275e-01,8.830447392598220757e-01,8.668733787455251694e-02,1.392785613718883209e-02,6.857432721012358678e-01,3.883431376534824953e-01,1.860163405795912661e-01,2.567265798880624672e-02,5.572592804374378872e-01,8.618831411895637729e-01,1.711410789940442934e-01,8.039015706786050153e-01,9.208727596860635245e-01,2.510704429488824774e-01,2.754291692791552837e-01,2.304759018092801259e-01,4.464745615923826350e-02,6.353966917838950179e-01,1.542365496538571357e-01,4.147042363831267009e-01,2.492599774349049113e-01,4.460971149126247148e-03,9.007390096428395942e-01,7.557537136422601831e-01,4.706849735902802756e-01,1.045535338866250274e-01,6.257751800520239271e-06,3.458203290622953174e-01,6.122843289160972979e-02,4.013295854145187969e-01,4.601805444073200357e-01,5.305390357001793511e-02,4.958487213142771521e-01,8.043496339668905204e-01,3.328672872518126935e-01,1.112315358536607457e-01,1.005190870874065334e-01,4.898362956685191616e-01,8.241070935315977231e-01,6.879388165006772304e-01,1.543796308451946819e-01,4.721346832486773559e-01,5.308329803817288806e-01,1.738531456971015299e-02,9.297704187758841776e-01,7.385831237321016651e-01,1.109021622214801939e-01,3.835333392978927947e-01,9.501432109446372731e-01,2.941049072489441141e-01,3.837968337569271915e-01,9.295896060792838700e-01,2.668976395628810394e-01,4.651873374442647702e-01,9.123837477961687092e-01,5.465400270156952622e-01,5.494272437739019521e-01,9.338453498689260890e-01,7.788213564403025924e-01,9.712330515280818144e-01,8.753492053961116071e-01,3.422030872659790335e-01,8.521448880748382360e-01,7.162878047960687944e-01,2.606261618020896398e-01,8.725613796242313036e-01,3.423613277987399561e-01,7.828120969771472648e-01,6.196096082043938136e-01,2.997551477035703682e-01,4.110556528440068025e-02,6.597124862290303371e-01,2.068263471278343202e-01,4.454566519543766701e-01,7.970584973908533266e-01,4.150175198561485423e-01,8.471826495256282730e-01,9.331411729621404971e-01,8.515552272691634395e-01,6.456158227816171102e-01,6.578301764419662856e-01,7.001294432374718379e-01,2.740786426574433055e-01,1.685081917233423043e-01,2.851948508258351778e-01,4.266557557479810914e-02,2.063888073243095311e-01,2.426116074762928454e-01,7.428896469368263533e-01,6.012055670655660489e-01,1.113462891729875004e-01,3.300265317409770693e-01,3.278514571729773674e-01,6.716781447233840519e-01,7.711702050179989332e-01,4.035298928435770982e-01,3.169959773723750596e-01,6.742771965041225446e-01,6.875448382871593989e-01,5.973007978429145659e-03,2.666334373933565427e-02,6.868590661198936687e-03,1.374407471599892183e-03,7.649481133609262740e-01,2.387043796441901122e-02,7.106258356512681340e-01,9.307903661158907216e-01,6.656540440882365850e-01,8.020358284486726053e-01,2.804139899083181175e-01,4.005438179630356199e-01,8.761680128252613553e-02,9.300342811047682678e-01,6.116627273364587669e-01,1.663407462422450411e-02,2.935507140059505637e-01,2.506773132876201071e-01,3.151945231066329844e-01,3.138716649735429076e-02,3.025415763497077970e-01,7.941692673789312318e-01,6.660468189344121992e-01,6.226001437148829254e-01,8.891928550317096391e-02,5.516131531725337878e-01,1.216295710453340062e-01,8.286458740209523555e-01,7.548680769682025726e-01,8.381990438361642815e-01,8.880662032098425307e-01,9.309684843902770179e-01,7.656485118930362876e-01,5.570519772731021835e-01,2.151676326962854713e-01,6.611390056988570851e-01,1.482622996807295701e-01,2.474996059487188926e-01,1.021671606838471247e-01,5.680094200534921978e-01,4.124929568060942131e-01,9.963059105513195624e-01,6.314497219427961383e-01,8.018350320274485465e-01,5.347093586802572629e-01,5.616439745389423255e-01,2.478866083427141431e-01,3.868050214444492818e-01,7.520220710381722018e-01,8.242329978092306497e-01,7.213682162517176533e-01,1.482467155278475168e-01,8.823859533152471624e-01,6.160892969016716902e-01,4.921811672404865501e-01,7.764365145904132959e-01,8.161315816782606092e-01,6.465051540944442010e-01,5.688827438136145886e-01,2.484906710943021180e-01,1.004016543638505121e-01,4.481733701347385690e-01,5.585527920322275186e-01,2.218815150332685837e-01,7.413645167644938860e-01,7.948629607631152449e-02,3.697224748897796065e-01,7.148103382963806318e-01,3.327706137241339679e-01,3.735911506852580555e-01,1.941704245738407053e-02,8.393501432505877657e-01,7.620345820509022428e-01,6.019106748169407162e-01,8.828627193120995864e-01,7.794810120571773471e-01,9.823184285331898469e-02,9.526354503330158874e-01,1.139532504259738177e-01,5.691187848638015190e-01,3.517323557024572001e-01,8.447540405999605095e-01,7.058921489015350659e-01,6.786350693546261414e-01,6.208127388103198419e-01,6.616426900359051455e-01,8.701799232777254200e-01
7.572354566788757069e-01,1.225467127592619887e-01,9.742607331538449822e-01,8.839550774101186947e-01,3.561060356380515435e-01,4.927671274793307132e-01,5.111453928099534139e-01,7.443727703316016520e-01,1.589141564874774204e-03,6.974294761069038673e-01,6.955415006488452345e-02,2.462323687736175382e-01,7.753887945751247734e-01,3.337987908048689611e-02,9.543500036594054770e-01,7.503854326940374575e-01,1.725969829851564663e-01,4.912418625041906628e-01,4.431285364749735223e-01,8.546556507109198675e-01,2.212354204463840013e-01,8.009729709614648030e-01,4.590567641400384868e-01,7.289719369281814076e-01,9.895425466748298815e-01,5.308551761062902941e-01,9.596496177015815254e-01,2.848457726220539055e-01,1.555579038543364323e-02,4.043530482725458119e-01,9.621597793433357415e-01,5.585366145494382595e-01,2.531594121895084371e-01,7.343354822684067251e-01,1.020861318775144744e-01,1.126014429311187337e-01,4.077895112053867566e-01,9.675590088121374110e-01,4.879723097513022356e-01,7.601426884908216719e-01,4.468298185231942554e-01,4.449976477328143609e-02,9.471616373972199243e-01,9.847068602279338556e-01,6.523927958326993792e-01,1.533530322277663061e-01,5.383393988317205503e-01,2.119880874213079247e-01,3.659514167251562977e-01,5.683712416671882206e-01,8.101400969517399409e-01,2.181296816793782956e-01,7.521941018695452730e-01,5.127168267059740714e-01,3.968951211725464390e-01,7.674002805167723373e-03,1.714088461468324942e-01,4.099671433182043856e-01,3.762177981429616347e-01,1.418123771044013104e-01,9.660642957966458777e-02,6.702183052178019018e-01,5.445693234624490175e-01,2.411208421971537952e-01,3.364874846000284192e-01,7.706856031624751413e-01,3.180014091280487509e-01,3.839506558530692004e-02,3.946634020385875186e-01,4.869875928352592753e-01,1.675443480431396681e-01,3.818773513324625890e-01,8.092113165766585681e-01,5.312993769815053113e-01,5.135621052228356298e-01,5.154018312174355465e-01,6.941463496807671607e-01,2.770771731576373575e-01,5.616736879893525769e-01,7.440661336215371735e-01,2.315804413635101922e-01,6.840874347466097127e-01,2.929006933017671566e-01,9.170444707762313019e-01,1.852339075625568654e-01,8.542748109555452496e-01,6.071296600083802009e-01,8.194314386618621882e-01,1.982741340204565716e-01,6.883079746702756019e-01,2.339663714917126214e-01,6.401810274671607681e-01,2.760644478936929991e-01,1.847697286076921408e-01,7.926427005094165423e-01,4.431692791813245380e-01,5.466208868230180151e-01,8.788220337187275799e-01,9.474042905240402934e-01,9.963567045375485431e-01,6.759941332405772219e-02,7.150218831692847221e-01,2.744400649358965660e-01,3.537354236357921344e-01,9.013313091398541532e-01,5.871269181375132762e-01,3.799840931632151309e-01,8.109194507746764202e-02,3.452573314789736392e-01,3.990085220129697685e-01,7.288827713979298961e-01,1.379692425778983322e-01,5.727572610993092450e-02,7.369773781532428236e-01,5.865483553411283690e-01,9.067962926686568004e-01,4.591689096973797790e-01,9.624135972813279150e-01,2.917602832768513288e-01,8.078103405782735003e-01,7.884522454188862550e-01,1.326230974966056131e-01,3.330507246765089802e-01,9.904325056940094241e-01,1.614013695510297941e-01,3.682844274935750395e-01,8.143987471766218622e-01,5.016107991386876686e-01,5.865970777824451865e-01,9.963653865286770106e-02,6.792807774645088781e-01,2.515868774605529712e-01,1.212013876026670767e-01,1.373211901139947955e-01,5.575501964389661946e-01,9.245017547832434790e-02,4.673686111615130701e-01,1.968620873290322093e-01,8.857890292838953572e-01,1.684827822768120154e-01,3.274056068328522898e-17,5.506227328049586589e-01,5.767666802339965759e-02,7.882188149151154732e-01,3.170708066079783727e-01,6.369800712312827518e-01,1.768991269124187138e-02,8.053172341667523826e-01,3.704694979612582761e-01,9.128377038364691165e-01,9.447937782206881074e-01,6.335822012988114871e-01,6.699671625136357500e-01,6.801088194870406056e-01,9.081489814668836091e-01,1.394640497167545234e-01,1.017608216495761164e-01,5.183446879194775203e-02,5.223371020364677708e-01,5.567915962003104902e-01,5.052289102651823516e-01,6.342295337820640366e-01,6.811297379015783804e-01,6.378823070736339140e-01,1.981062636505185326e-01,8.860104625472394746e-01,9.164107955949568618e-01,2.341382196951972139e-01,9.143735164900890222e-02,6.687346579980923966e-01,9.263179953430005220e-01,2.205133888725807623e-01,4.439127859450833213e-01,8.238215819688391450e-01,8.460966590515961450e-01,6.121610632470855240e-01,6.819225222250073770e-01,4.687798083819194606e-02,2.203866429999555843e-01,1.277904905673291625e-01,1.384317840643178865e-02,2.269421244621029343e-01,4.115848253896040587e-01,6.770110961901976143e-01,8.224924168171028338e-01,3.734726877047125360e-01,6.818315907125416242e-01,9.972235440585272004e-01,2.854819367616714398e-01,2.864679812972603656e-01,1.994857131173919385e-01,9.736910150911959327e-02,4.048604200349477100e-01,5.784355825555851371e-01,3.648053634737141726e-01,1.922899665544527403e-01,4.907290091955649469e-01,7.839163337084926741e-01,8.540471695233265992e-01,4.184030573311159351e-02,5.648931041112132956e-01,7.183148856639365309e-02,9.823216888815787806e-01,4.119314324801248706e-02,6.180849463617801298e-01,8.220266669898024237e-01,1.231092213274136427e-01,3.096087369779865206e-01,8.186804718434206318e-01,6.771641676698483270e-01,9.641487912530050108e-01,5.084882269716251013e-01,1.278004145753172116e-01,6.368873971485007335e-01,8.099226677935944529e-03,7.986964817809403261e-01,3.178298547690956433e-01,8.372904378321774921e-01,4.796029560172910822e-01,3.808476390789201638e-01,2.072428690805707685e-01,1.424155636631945221e-01,6.555161922544655573e-01,5.212163175920148106e-02,8.895983075817476271e-01,6.103165083744277464e-01,8.709981835885280965e-01,3.898938535814069350e-01,3.160380424608224548e-01,3.858773137799264008e-01,1.771841205563808863e-01,6.379493517850600703e-01,8.007876051443018062e-01,2.116499612169420175e-01,6.327785737034923308e-01,1.304100890608537178e-01,1.694450465555773500e-01,1.201284621325005020e-02,5.519710175785521589e-01,4.492093219325147269e-01,1.887624836050932897e-01,7.284800244751630238e-01,7.074985487165308395e-02,2.281948183745867720e-01,4.013974201853744983e-01,8.571878882551037249e-01,4.190493018539882542e-01,9.671149006267112380e-01,3.025294768458028916e-01,2.841554747359725797e-01,4.147983878514168721e-01,7.632542699649369489e-02,7.430551178729485340e-01,7.616115124534998948e-01,2.041925143597170811e-01,5.115305668549284812e-01,3.914693205415089583e-01,3.511726872303555513e-02,3.794366928185489707e-01,6.478128117124383190e-01,9.775610632660097776e-01,5.186171033171442790e-01,2.468542634352697274e-01,4.063994143156478556e-01,2.857491728966551348e-01,6.161174958953585801e-01,1.731414366454216980e-01,4.651664145172480502e-01,5.018231014813282487e-01,3.103165030108843148e-01,3.611085384400377629e-01,1.157767464040255767e-01,6.252713860427494552e-01,9.054944426340583163e-03,5.628638477980127952e-01,5.963643273787119226e-01,1.056777822938275158e-01,6.339792598287712355e-01,5.617290401282223344e-01,2.725024657882989532e-01,1.162675296611029863e-01,3.603175683951065356e-02,2.737605584288176352e-01,6.995375320537979835e-01,2.338558856861092661e-01,9.380850885675892092e-01,8.917047491916291202e-01,7.111309999359842760e-01,6.788452763357499808e-02,6.072827258155142349e-01,1.699708436411170309e-01,4.241648235879043050e-01,8.617292890567925800e-01,5.605800852161739734e-01,4.163113324678763272e-01,9.879949903785516518e-01,2.199024255858043064e-01,2.703596298524624242e-02,8.987615555163145364e-01,3.864281678596452885e-01
